image_width: 1280
image_height: 720
camera_name: narrow_stereo
camera_matrix:
  rows: 3
  cols: 3
  data: [805.97827,   0.     , 623.57229,
           0.     , 808.46604, 349.0719 ,
           0.     ,   0.     ,   1.     ]
distortion_model: plumb_bob
distortion_coefficients:
  rows: 1
  cols: 5
  data: [-0.316053, 0.089112, -0.002916, 0.004808, 0.000000]
rectification_matrix:
  rows: 3
  cols: 3
  data: [1., 0., 0.,
         0., 1., 0.,
         0., 0., 1.]
projection_matrix:
  rows: 3
  cols: 4
  data: [615.33749,   0.     , 633.82663,   0.     ,
           0.     , 753.65968, 345.59901,   0.     ,
           0.     ,   0.     ,   1.     ,   0.     ]